Rect(230, 522, 290, 21)
Rect(267, 417, 213, 15)
Rect(302, 307, 149, 16)
Rect(737, 305, 147, 15)
Rect(884, 320, 0, 0)
Rect(704, 416, 215, 15)
Rect(667, 523, 288, 18)
Rect(979, 0, 0, 0)
Rect(979, 0, 0, 0)
Rect(360, 424, -120, 127)
Rect(999, 0, 0, 0)
Rect(969, 0, 0, 0)
Rect(969, 0, 0, 0)
Rect(968, 0, 0, 0)
Rect(969, 0, 0, 0)
Rect(970, 0, 0, 0)
Rect(970, 0, 0, 0)
Rect(983, 0, 0, 0)
Rect(996, 0, 0, 0)
Rect(996, 0, 0, 0)
Rect(968, 0, 0, 0)
Rect(968, 0, 0, 0)
Rect(968, 0, 2, 0)
Rect(970, 0, -1, 0)
Rect(970, 0, -1, 0)
Rect(234, 527, 277, 14)
Rect(270, 415, 203, 16)
Rect(305, 307, 142, 14)
Rect(740, 306, 143, 13)
Rect(706, 417, 206, 13)
Rect(670, 526, 277, 15)
Rect(985, 0, 0, 0)
Rect(985, 0, 0, 0)
Rect(985, 0, 0, 0)
Rect(985, 0, 0, 0)
Rect(985, 0, 0, 0)
Rect(985, 0, 0, 0)
Rect(985, 0, 0, 0)
Rect(985, 0, 0, 0)
Rect(985, 0, 0, 0)
Rect(985, 0, 0, 0)
Rect(985, 0, 0, 0)
Rect(985, 0, 0, 0)
Rect(985, 0, 0, 0)
Rect(985, 0, 0, 0)
Rect(985, 0, 0, 0)
Rect(985, 0, 0, 0)
Rect(985, 0, 0, 0)
Rect(985, 0, 0, 0)
Rect(985, 0, 0, 0)
Rect(985, 0, 0, 0)
Rect(985, 0, 0, 0)
Rect(985, 0, 0, 0)
Rect(985, 0, 0, 0)
Rect(985, 0, 0, 0)
Rect(985, 0, 0, 0)
Rect(985, 0, 0, 0)
Rect(985, 0, 0, 0)
Rect(985, 0, 0, 0)
Rect(985, 0, 0, 0)
Rect(985, 0, 0, 0)
